A pig [-64.1179 0.0 37.9701 1.0] 20.579092025756836
A giraffe [5.7779284 0.0 79.01985 1.0] 22.11863899230957
A giraffe [21.648077 0.0 76.98555 1.0] 22.11863899230957
A cheetah [36.52633 0.0 75.07839 1.0] 22.11863899230957
A cheetah [69.258446 4.332117 70.882645 1.0] 22.11863899230957
A ram [57.355858 1.9952358 72.40837 1.0] 22.11863899230957
A owl [-10.09222 0.0 81.05415 1.0] 22.11863899230957
A owl [45.45327 0.0 73.9341 1.0] 22.11863899230957
A pig [84.13668 0.7670248 68.97549 1.0] 22.11863899230957
A pig [-1.1652629 0.0 79.90986 1.0] 22.11863899230957
P angus [-82.598465 3.8684645 -59.870594 1.0] 4.71238898038469 false 22.118639 [1.0 1.0 1.0]
P angus [-69.703995 0.0 -61.523464 1.0] 4.71238898038469 false 22.118639 [1.0 1.0 1.0]
P angus [-56.809525 0.0 -63.176334 1.0] 4.71238898038469 false 22.118639 [1.0 1.0 1.0]
P angus [-45.89882 0.0 -64.57491 1.0] 4.71238898038469 false 22.118639 [1.0 1.0 1.0]
P angus [-35.979996 0.0 -65.84635 1.0] 4.71238898038469 false 22.118639 [1.0 1.0 1.0]
P angus [-25.069273 0.8576616 -67.244934 1.0] 4.71238898038469 false 22.118639 [1.0 1.0 1.0]
P angus [-13.166663 0.0 -68.77066 1.0] 4.71238898038469 false 22.118639 [1.0 1.0 1.0]
P zombie [6.288807 0.808182 -34.970055 1.0] 4.71238898038469 false 22.118639 [1.0 1.0 1.0]
P zombie [-17.516413 3.4131556 -31.918602 1.0] 4.71238898038469 false 22.118639 [1.0 1.0 1.0]
P zombie [-38.34597 2.7155137 -29.24858 1.0] 4.71238898038469 false 22.118639 [1.0 1.0 1.0]
P zombie [-47.603806 1.1087325 -14.955504 1.0] 4.71238898038469 false 22.118639 [1.0 1.0 1.0]
P zombie [2.9830687 0.0 -60.75909 1.0] 4.71238898038469 false 22.118639 [1.0 1.0 1.0]
O tree [12.162777 0.0 18.718777 1.0] 22.118639 [1.0 2.0 1.0] 0.0
O tree [-33.463894 5.043199 24.567394 1.0] 22.118639 [1.0 2.0 1.0] 0.0
O tree [-42.721733 3.3257504 38.860447 1.0] 22.118639 [1.0 2.0 1.0] 0.0
O tree [-22.884066 2.0703053 36.31757 1.0] 22.118639 [1.0 2.0 1.0] 0.0
O tree [15.799407 0.0 31.35896 1.0] 22.118639 [1.0 2.0 1.0] 0.0
O tree [6.7713404 0.0 0.25440502 1.0] 22.118639 [1.0 2.0 1.0] 0.0
O tree [4.7370234 1.2190547 -15.615742 1.0] 22.118639 [1.0 2.0 1.0] 0.0
O tree [-32.166447 0.0 3.2292929 1.0] 22.118639 [1.0 2.0 1.0] 0.0
O tree [-34.709324 4.380065 -16.60839 1.0] 22.118639 [1.0 2.0 1.0] 0.0
O tree [-54.268177 0.0 35.29965 1.0] 22.118639 [1.0 2.0 1.0] 0.0
O tree [-78.22577 3.8164458 29.297016 1.0] 22.118639 [1.0 2.0 1.0] 0.0
O tree [12.265431 2.7996328 -27.670723 1.0] 22.118639 [1.0 2.0 1.0] 0.0
O tree [24.446789 0.0 20.168732 1.0] 22.118639 [1.0 2.0 1.0] 0.0
O tree [21.981081 4.7097287 -31.513464 1.0] 22.149889 [1.0 2.0 1.0] 0.0
O tree [46.66675 0.0 -35.4653 1.0] 22.149889 [1.0 2.0 1.0] 0.0
O tree [69.29959 0.0 -26.93572 1.0] 22.149889 [1.0 2.0 1.0] 0.0
O tree [83.95505 4.466874 -4.976262 1.0] 22.149889 [1.0 2.0 1.0] 0.0
O tree [86.95844 0.09279928 13.784855 1.0] 22.149889 [1.0 2.0 1.0] 0.0
O tree [89.96184 0.0 32.545967 1.0] 22.149889 [1.0 2.0 1.0] 0.0
O tree [-65.69864 0.65931773 28.095827 1.0] 22.149889 [1.0 2.0 1.0] 0.0
