A pig [-1.0732083 0.0 34.003532 1.0] 1.5082963705062866
A cheetah [4.0 0.0 34.0 1.0] 1.5707963705062866
A giraffe [-4.999998 0.0 35.0 1.0] 1.5707963705062866
A ram [8.0 0.0 34.0 1.0] 1.5707963705062866
A owl [-10.0 0.0 34.0 1.0] 1.5395463705062866
P zombie [0.0 0.835625 -30.0 1.0] 4.71238898038469 false 2.0 [1.0 1.0 1.0]
P zombie [30.0 1.6069777 -30.0 1.0] 4.71238898038469 false 2.0 [1.0 1.0 1.0]
P zombie [-30.0 5.019434 -30.0 1.0] 4.71238898038469 false 2.0 [1.0 1.0 1.0]
O rockWall [0.0 3.8930688 -20.0 1.0] 0.0 [1.0 2.0 1.0] 0.0
O tree [-30.0 1.7348363 20.0 1.0] 0.0 [1.0 2.0 1.0] 0.0
O tree [0.0 0.0 -40.0 1.0] 0.0 [1.0 2.0 1.0] 0.0
O tree [30.0 3.0323324 -40.0 1.0] 0.0 [1.0 2.0 1.0] 0.0
