A pig [-23.807945 0.0 -1.2876792 1.0] -0.11670362949371338
O tree [-91.496315 0.0 -93.79862 1.0] 1.4540927 [1.0 2.0 1.0] 0.0
O tree [-78.584785 5.6272335 -92.284904 1.0] 1.4540927 [1.0 2.0 1.0] 0.0
O tree [-70.63923 7.831321 -91.353386 1.0] 1.4540927 [1.0 2.0 1.0] 0.0
O tree [-61.700478 7.4467487 -90.30543 1.0] 1.4540927 [1.0 2.0 1.0] 0.0
O tree [-43.82293 0.8189635 -88.20951 1.0] 1.4540927 [1.0 2.0 1.0] 0.0
O tree [-26.938559 6.9474993 -86.230034 1.0] 1.4540927 [1.0 2.0 1.0] 0.0
O tree [-12.040583 3.6700249 -84.48344 1.0] 1.4540927 [1.0 2.0 1.0] 0.0
O tree [3.850583 0.0 -82.6204 1.0] 1.4540927 [1.0 2.0 1.0] 0.0
O tree [19.741749 0.0 -80.75736 1.0] 1.4540927 [1.0 2.0 1.0] 0.0
O tree [34.639717 1.7558131 -79.010765 1.0] 1.4540927 [1.0 2.0 1.0] 0.0
O tree [50.53089 0.0 -77.14773 1.0] 1.4540927 [1.0 2.0 1.0] 0.0
O tree [67.41527 0.0 -75.16825 1.0] 1.4540927 [1.0 2.0 1.0] 0.0
O tree [99.77972 6.5186124 -76.40815 1.0] 1.4540927 [1.0 2.0 1.0] 0.0
O tree [100.827675 6.6347733 -85.3469 1.0] 1.4540927 [1.0 2.0 1.0] 0.0
O tree [91.76557 0.0 -102.51885 1.0] 1.4540927 [1.0 2.0 1.0] 0.0
O tree [71.14827 0.0 -89.83329 1.0] 1.4540927 [1.0 2.0 1.0] 0.0
O tree [57.010612 0.0 -89.47706 1.0] 1.4540927 [1.0 2.0 1.0] 0.0
O tree [47.544388 0.0 -94.614235 1.0] 1.4540927 [1.0 2.0 1.0] 0.0
O tree [32.584732 0.0 -104.42283 1.0] 1.4540927 [1.0 2.0 1.0] 0.0
O tree [31.071012 4.0217967 -91.5113 1.0] 1.4540927 [1.0 2.0 1.0] 0.0
O tree [19.152637 0.0 -92.90858 1.0] 1.4540927 [1.0 2.0 1.0] 0.0
O tree [16.001854 0.0 -83.20951 1.0] 1.4540927 [1.0 2.0 1.0] 0.0
O tree [7.3507032 1.1663256 -95.29905 1.0] 1.4540927 [1.0 2.0 1.0] 0.0
O tree [-4.334791 3.7040756 -98.68272 1.0] 1.4540927 [1.0 2.0 1.0] 0.0
O tree [-9.122662 2.5026593 -92.19611 1.0] 1.4540927 [1.0 2.0 1.0] 0.0
O tree [-15.431171 4.2771564 -89.91517 1.0] 1.4540927 [1.0 2.0 1.0] 0.0
O tree [-21.041042 4.007147 -93.59339 1.0] 1.4540927 [1.0 2.0 1.0] 0.0
O tree [-26.068712 0.0 -102.23759 1.0] 1.4540927 [1.0 2.0 1.0] 0.0
O tree [-35.70614 4.0615506 -97.32638 1.0] 1.4540927 [1.0 2.0 1.0] 0.0
O tree [-42.13109 3.563352 -94.05224 1.0] 1.4540927 [1.0 2.0 1.0] 0.0
O tree [-53.93303 6.230345 -96.44271 1.0] 1.4540927 [1.0 2.0 1.0] 0.0
O tree [-56.330414 6.1012783 -101.758 1.0] 1.4540927 [1.0 2.0 1.0] 0.0
O tree [-70.81734 6.0751767 -98.42219 1.0] 1.4540927 [1.0 2.0 1.0] 0.0
O tree [-78.76289 4.479603 -99.35371 1.0] 1.4540927 [1.0 2.0 1.0] 0.0
O tree [-90.68123 0.96055275 -100.750984 1.0] 1.4540927 [1.0 2.0 1.0] 0.0
O tree [-87.804245 1.5043205 -65.17407 1.0] 1.4540927 [1.0 2.0 1.0] 0.0
O tree [-75.88591 1.7095352 -63.776794 1.0] 1.4540927 [1.0 2.0 1.0] 0.0
O tree [-60.98799 0.0 -62.030197 1.0] 1.4540927 [1.0 2.0 1.0] 0.0
O tree [-47.083237 0.0 -60.40004 1.0] 1.4540927 [1.0 2.0 1.0] 0.0
O tree [-34.171654 1.7718004 -58.886322 1.0] 1.4540927 [1.0 2.0 1.0] 0.0
O tree [-20.266878 0.0 -57.256165 1.0] 1.4540927 [1.0 2.0 1.0] 0.0
O tree [-7.5881786 0.0 -53.75605 1.0] 1.4540927 [1.0 2.0 1.0] 0.0
O tree [-8.519697 0.0 -45.810463 1.0] 1.4540927 [1.0 2.0 1.0] 0.0
O tree [-1.683753 0.0 -44.002186 1.0] 1.4540927 [1.0 2.0 1.0] 0.0
O tree [15.029419 4.6318135 -31.974287 1.0] 1.4540927 [1.0 2.0 1.0] 0.0
O tree [11.871706 4.750513 -39.392433 1.0] 1.4540927 [1.0 2.0 1.0] 0.0
O tree [81.14882 4.687365 -63.48974 1.0] 1.4540927 [1.0 2.0 1.0] 0.0
O tree [80.45018 1.5593332 -57.53055 1.0] 1.4540927 [1.0 2.0 1.0] 0.0
O tree [78.70358 0.0 -42.632572 1.0] 1.4540927 [1.0 2.0 1.0] 0.0
O tree [82.847565 0.0 -52.215237 1.0] 1.4540927 [1.0 2.0 1.0] 0.0
O tree [80.51877 0.0 -32.35127 1.0] 1.4540927 [1.0 2.0 1.0] 0.0
O tree [79.70369 0.5497029 -25.398882 1.0] 1.4540927 [1.0 2.0 1.0] 0.0
O tree [78.42285 3.464055 -14.473701 1.0] 1.4540927 [1.0 2.0 1.0] 0.0
O tree [72.40891 3.396472 -6.117117 1.0] 1.4540927 [1.0 2.0 1.0] 0.0
O tree [66.511406 0.9473064 1.2462722 1.0] 1.4540927 [1.0 2.0 1.0] 0.0
O tree [-2.3685808 2.5229547 -3.8084266 1.0] 1.4540927 [1.0 2.0 1.0] 0.0
