A pig [-20.981394 0.0 -2.8026686 1.0] -7.616703629493713
P zombie [-9.621844 0.0 19.587912 1.0] 4.71238898038469 false 3.0 [1.0 1.0 1.0]
P zombie [-2.316842 0.0 19.633736 1.0] 4.71238898038469 false 3.0 [1.0 1.0 1.0]
P zombie [2.3658133 0.0 19.68842 1.0] 4.71238898038469 false 3.0 [1.0 1.0 1.0]
P zombie [-19.759663 0.0 19.673962 1.0] 4.71238898038469 false 3.0 [1.0 1.0 1.0]
O rockWall [-30.0 0.8936832 18.0 1.0] 0.0 [1.0 2.0 1.0] 0.0
O rockWall [-44.0 6.8078995 18.0 1.0] 0.0 [1.0 2.0 1.0] 0.0
O rockWall [-62.0 0.0 18.0 1.0] 0.0 [1.0 2.0 1.0] 0.0
O rockWall [-78.0 0.0 18.0 1.0] 0.0 [1.0 2.0 1.0] 0.0
O rockWall [-95.0 0.0 18.0 1.0] 0.0 [1.0 2.0 1.0] 0.0
O rockWall [-93.0 0.0 18.0 1.0] 0.0 [1.0 2.0 1.0] 0.0
O rockWall [-87.0 0.0 18.0 1.0] 0.0 [1.0 2.0 1.0] 0.0
O rockWall [-84.0 0.0 18.0 1.0] 0.0 [1.0 2.0 1.0] 0.0
O rockWall [-73.0 0.0 18.0 1.0] 0.0 [1.0 2.0 1.0] 0.0
O rockWall [-67.0 0.0 18.0 1.0] 0.0 [1.0 2.0 1.0] 0.0
O rockWall [-57.0 1.9925289 18.0 1.0] 0.0 [1.0 2.0 1.0] 0.0
O rockWall [-55.0 3.233243 18.0 1.0] 0.0 [1.0 2.0 1.0] 0.0
O rockWall [-48.0 6.3676143 18.0 1.0] 0.0 [1.0 2.0 1.0] 0.0
O rockWall [-51.0 5.320569 18.0 1.0] 0.0 [1.0 2.0 1.0] 0.0
O rockWall [-41.0 6.345729 18.0 1.0] 0.0 [1.0 2.0 1.0] 0.0
O rockWall [-35.0 3.7767673 18.0 1.0] 0.0 [1.0 2.0 1.0] 0.0
O rockWall [-40.0 6.0497503 18.0 1.0] 0.0 [1.0 2.0 1.0] 0.0
O rockWall [-31.0 1.4774568 18.0 1.0] 0.0 [1.0 2.0 1.0] 0.0
O rockWall [-26.0 0.0 18.0 1.0] 0.0 [1.0 2.0 1.0] 0.0
O rockWall [-18.0 0.0 18.0 1.0] 0.0 [1.0 2.0 1.0] 0.0
O rockWall [-21.0 0.0 18.0 1.0] 0.0 [1.0 2.0 1.0] 0.0
O rockWall [-14.0 0.0 18.0 1.0] 0.0 [1.0 2.0 1.0] 0.0
O rockWall [-10.0 0.0 18.0 1.0] 0.0 [1.0 2.0 1.0] 0.0
O rockWall [-6.0000005 0.0 18.0 1.0] 0.0 [1.0 2.0 1.0] 0.0
O rockWall [-1.0000005 0.0 18.0 1.0] 0.0 [1.0 2.0 1.0] 0.0
O rockWall [2.9999995 0.0 18.0 1.0] 0.0 [1.0 2.0 1.0] 0.0
O rockWall [6.9999995 0.0 18.0 1.0] 0.0 [1.0 2.0 1.0] 0.0
O rockWall [10.0 0.0 18.0 1.0] 0.0 [1.0 2.0 1.0] 0.0
O rockWall [14.0 0.0 18.0 1.0] 0.0 [1.0 2.0 1.0] 0.0
O rockWall [17.0 0.0 18.0 1.0] 0.0 [1.0 2.0 1.0] 0.0
O rockWall [20.0 0.0 18.0 1.0] 0.0 [1.0 2.0 1.0] 0.0
O rockWall [25.0 0.0 18.0 1.0] 0.0 [1.0 2.0 1.0] 0.0
O rockWall [30.0 0.0 18.0 1.0] 0.0 [1.0 2.0 1.0] 0.0
O rockWall [35.0 1.5969741 18.0 1.0] 0.0 [1.0 2.0 1.0] 0.0
O rockWall [37.0 2.3966465 18.0 1.0] 0.0 [1.0 2.0 1.0] 0.0
O rockWall [43.0 2.9777308 18.0 1.0] 0.0 [1.0 2.0 1.0] 0.0
O rockWall [45.0 2.3884451 18.0 1.0] 0.0 [1.0 2.0 1.0] 0.0
O rockWall [48.0 0.8858239 18.0 1.0] 0.0 [1.0 2.0 1.0] 0.0
O rockWall [54.0 0.0 18.0 1.0] 0.0 [1.0 2.0 1.0] 0.0
O rockWall [57.0 0.0 18.0 1.0] 0.0 [1.0 2.0 1.0] 0.0
O rockWall [62.0 0.0 18.0 1.0] 0.0 [1.0 2.0 1.0] 0.0
O rockWall [66.0 0.0 18.0 1.0] 0.0 [1.0 2.0 1.0] 0.0
O rockWall [70.0 1.0638304 18.0 1.0] 0.0 [1.0 2.0 1.0] 0.0
O rockWall [76.0 4.0227585 18.0 1.0] 0.0 [1.0 2.0 1.0] 0.0
O rockWall [73.0 2.865809 18.0 1.0] 0.0 [1.0 2.0 1.0] 0.0
O rockWall [78.0 4.2705145 18.0 1.0] 0.0 [1.0 2.0 1.0] 0.0
O rockWall [83.0 2.8544507 18.0 1.0] 0.0 [1.0 2.0 1.0] 0.0
O rockWall [86.0 0.8828959 18.0 1.0] 0.0 [1.0 2.0 1.0] 0.0
O rockWall [92.0 0.0 18.0 1.0] 0.0 [1.0 2.0 1.0] 0.0
O rockWall [98.0 0.0 18.0 1.0] 0.0 [1.0 2.0 1.0] 0.0
O rockWall [90.0 0.0 18.0 1.0] 0.0 [1.0 2.0 1.0] 0.0
