A ram [-53.395714 0.4768533 83.37968 1.0] 20.83738899230957
A pig [68.67237 3.588304 74.42024 1.0] 20.454092025756836
A ram [66.74646 0.0 10.138563 1.0] 26.89988899230957
A owl [-10.840723 0.0 73.27675 1.0] 22.408185958862305
A cheetah [67.08117 1.9487827 83.38468 1.0] 26.908185958862305
A giraffe [84.12369 0.29318598 79.47411 1.0] 27.470685958862305
P zombie [-58.51834 0.92012656 -69.41188 1.0] 4.71238898038469 false 17.431139 [1.0 1.0 1.0]
P zombie [-50.882412 0.0 -66.482475 1.0] 4.71238898038469 false 22.408186 [1.0 1.0 1.0]
P angus [68.55586 2.8643763 -56.347088 1.0] 4.71238898038469 false 29.033186 [1.0 1.0 1.0]
P angus [70.00711 2.9812942 -57.723263 1.0] 4.71238898038469 false 29.033186 [1.0 1.0 1.0]
P angus [77.26335 4.574451 -64.60414 1.0] 4.71238898038469 false 29.033186 [1.0 1.0 1.0]
P angus [77.26335 4.574451 -64.60414 1.0] 4.71238898038469 false 29.033186 [1.0 1.0 1.0]
P angus [68.293106 0.0 -46.45108 1.0] 4.71238898038469 false 29.033186 [1.0 1.0 1.0]
P angus [65.92855 0.0 -37.318237 1.0] 4.71238898038469 false 29.033186 [1.0 1.0 1.0]
P zombie [35.7515 1.8454621 18.343067 1.0] 4.71238898038469 false 28.470686 [1.0 1.0 1.0]
P zombie [68.11739 0.0 11.905057 1.0] 4.71238898038469 false 28.470686 [1.0 1.0 1.0]
P zombie [92.63693 0.0 7.027776 1.0] 4.71238898038469 false 28.470686 [1.0 1.0 1.0]
P zombie [29.866785 0.0 19.513615 1.0] 4.71238898038469 false 28.470686 [1.0 1.0 1.0]
P zombie [29.134382 2.0450022 -30.300678 1.0] 4.71238898038469 false 28.470686 [1.0 1.0 1.0]
O tree [-96.03166 2.3927877 -28.64888 1.0] 9.431139 [1.0 2.0 1.0] 0.0
O tree [-95.93622 0.0 -13.649182 1.0] 9.431139 [1.0 2.0 1.0] 0.0
O tree [-95.84714 4.0774474 0.3505354 1.0] 9.431139 [1.0 2.0 1.0] 0.0
O tree [-95.76442 0.0 13.350267 1.0] 9.431139 [1.0 2.0 1.0] 0.0
O tree [-95.688065 0.0 25.350021 1.0] 9.431139 [1.0 2.0 1.0] 0.0
O tree [-95.60535 0.0 38.349773 1.0] 9.431139 [1.0 2.0 1.0] 0.0
O tree [-95.52899 0.0 50.349545 1.0] 9.431139 [1.0 2.0 1.0] 0.0
O tree [-95.45264 0.0 62.349285 1.0] 9.431139 [1.0 2.0 1.0] 0.0
O tree [-95.382645 0.0 73.34903 1.0] 9.431139 [1.0 2.0 1.0] 0.0
O tree [-95.319016 3.8056538 83.3488 1.0] 9.431139 [1.0 2.0 1.0] 0.0
O tree [-95.24902 4.4393497 94.34856 1.0] 9.431139 [1.0 2.0 1.0] 0.0
O tree [-95.21721 1.6976774 99.348434 1.0] 9.431139 [1.0 2.0 1.0] 0.0
O tree [-89.25552 5.160468 93.310394 1.0] 9.431139 [1.0 2.0 1.0] 0.0
O tree [-89.33188 4.8584375 81.31067 1.0] 9.431139 [1.0 2.0 1.0] 0.0
O tree [-89.40187 3.1100993 70.31093 1.0] 9.431139 [1.0 2.0 1.0] 0.0
O tree [-89.49095 0.0 56.311245 1.0] 9.431139 [1.0 2.0 1.0] 0.0
O tree [-89.55458 0.0 46.311443 1.0] 9.431139 [1.0 2.0 1.0] 0.0
O tree [-89.61185 0.55075413 37.311615 1.0] 9.431139 [1.0 2.0 1.0] 0.0
O tree [-89.66911 1.149775 28.311787 1.0] 9.431139 [1.0 2.0 1.0] 0.0
O tree [-89.74547 0.0 16.312027 1.0] 9.431139 [1.0 2.0 1.0] 0.0
O tree [-89.828186 1.3395095 3.3122969 1.0] 9.431139 [1.0 2.0 1.0] 0.0
O tree [-89.88545 4.708334 -5.687523 1.0] 9.431139 [1.0 2.0 1.0] 0.0
O tree [-89.94908 2.4443994 -15.687321 1.0] 9.431139 [1.0 2.0 1.0] 0.0
O tree [-90.01271 2.7334464 -25.68712 1.0] 9.431139 [1.0 2.0 1.0] 0.0
O tree [-90.11452 5.4486012 -41.686783 1.0] 9.431139 [1.0 2.0 1.0] 0.0
O tree [-90.18451 4.1163626 -52.686573 1.0] 9.431139 [1.0 2.0 1.0] 0.0
O tree [-90.23541 2.1202085 -60.68642 1.0] 9.431139 [1.0 2.0 1.0] 0.0
O tree [-90.439026 0.0 -92.685745 1.0] 9.431139 [1.0 2.0 1.0] 0.0
O tree [-90.3754 0.0 -82.685974 1.0] 9.431139 [1.0 2.0 1.0] 0.0
O tree [-80.4138 4.377889 -88.74951 1.0] 9.431139 [1.0 2.0 1.0] 0.0
O tree [-74.41394 7.006366 -88.78769 1.0] 9.431139 [1.0 2.0 1.0] 0.0
O tree [-66.41412 8.144208 -88.83859 1.0] 9.431139 [1.0 2.0 1.0] 0.0
O tree [-52.376247 1.461982 -82.92781 1.0] 9.431139 [1.0 2.0 1.0] 0.0
O tree [-57.40159 5.3634033 -86.895905 1.0] 9.431139 [1.0 2.0 1.0] 0.0
O tree [-48.433556 3.3866339 -91.953094 1.0] 9.431139 [1.0 2.0 1.0] 0.0
O tree [-44.38276 0.0 -83.97873 1.0] 9.431139 [1.0 2.0 1.0] 0.0
O tree [-41.42733 2.469789 -90.99765 1.0] 9.431139 [1.0 2.0 1.0] 0.0
O tree [-36.363815 0.0 -81.02969 1.0] 9.431139 [1.0 2.0 1.0] 0.0
O tree [-35.414726 3.7407942 -89.03587 1.0] 9.431139 [1.0 2.0 1.0] 0.0
O tree [-32.28121 0.08985451 -68.055435 1.0] 9.431139 [1.0 2.0 1.0] 0.0
O tree [-24.294117 2.3089387 -70.10626 1.0] 9.431139 [1.0 2.0 1.0] 0.0
O tree [-24.205063 0.0 -56.106533 1.0] 9.431139 [1.0 2.0 1.0] 0.0
O tree [-15.167085 0.0 -50.163883 1.0] 9.431139 [1.0 2.0 1.0] 0.0
O tree [-44.931187 2.2838352 -12.973824 1.0] 9.431139 [1.0 2.0 1.0] 0.0
O tree [-51.931053 0.0 -12.929297 1.0] 9.431139 [1.0 2.0 1.0] 0.0
O tree [-47.873898 0.0 -3.9549208 1.0] 9.431139 [1.0 2.0 1.0] 0.0
O tree [-48.778492 3.3717344 11.051134 1.0] 9.431139 [1.0 2.0 1.0] 0.0
O tree [-48.695824 6.26272 24.050865 1.0] 9.431139 [1.0 2.0 1.0] 0.0
O tree [-48.606796 0.13228177 38.0506 1.0] 9.431139 [1.0 2.0 1.0] 0.0
O tree [-48.555923 0.0 46.050446 1.0] 9.431139 [1.0 2.0 1.0] 0.0
O tree [-48.485973 2.8534093 57.05022 1.0] 9.431139 [1.0 2.0 1.0] 0.0
O tree [-48.37787 5.1902633 74.049835 1.0] 9.431139 [1.0 2.0 1.0] 0.0
O tree [-48.320637 1.8842542 83.04962 1.0] 9.431139 [1.0 2.0 1.0] 0.0
O tree [-48.269764 0.0 91.04944 1.0] 9.431139 [1.0 2.0 1.0] 0.0
O tree [-11.027424 4.1441603 -28.189823 1.0] 9.431139 [1.0 2.0 1.0] 0.0
O tree [-8.881161 4.974441 -5.2030106 1.0] 9.431139 [1.0 2.0 1.0] 0.0
O tree [-6.8239536 2.5145257 3.7840872 1.0] 9.431139 [1.0 2.0 1.0] 0.0
O tree [-6.7348995 0.0 17.783796 1.0] 9.431139 [1.0 2.0 1.0] 0.0
O rockWall [-11.747552 0.0 15.815657 1.0] 9.431139 [1.0 2.0 1.0] 0.0
O rockWall [-16.747452 0.0 15.847462 1.0] 9.431139 [1.0 2.0 1.0] 0.0
O rockWall [-22.747326 0.0 15.885628 1.0] 9.431139 [1.0 2.0 1.0] 0.0
O rockWall [-31.747137 0.8212957 15.942877 1.0] 9.431139 [1.0 2.0 1.0] 0.0
O rockWall [-27.747221 0.0 15.917433 1.0] 9.431139 [1.0 2.0 1.0] 0.0
O rockWall [-36.747044 3.578185 15.974682 1.0] 9.431139 [1.0 2.0 1.0] 0.0
O rockWall [-44.74689 6.055044 16.02557 1.0] 9.431139 [1.0 2.0 1.0] 0.0
O rockWall [-40.59125 5.7712994 16.983799 1.0] 12.556139 [1.0 2.0 1.0] 0.0
O tree [-2.9703314 0.0 29.32166 1.0] 22.408186 [1.0 2.0 1.0] 0.0
O tree [0.67514515 0.0 37.55028 1.0] 22.408186 [1.0 2.0 1.0] 0.0
O tree [6.345889 5.166005 50.35036 1.0] 22.408186 [1.0 2.0 1.0] 0.0
O tree [13.440155 5.022507 61.426044 1.0] 22.408186 [1.0 2.0 1.0] 0.0
O tree [15.870468 1.5599535 66.9118 1.0] 22.408186 [1.0 2.0 1.0] 0.0
O tree [20.025179 0.0 73.821075 1.0] 22.408186 [1.0 2.0 1.0] 0.0
O tree [23.265596 0.0 81.13541 1.0] 22.408186 [1.0 2.0 1.0] 0.0
O tree [26.100962 0.0 87.535446 1.0] 22.408186 [1.0 2.0 1.0] 0.0
O tree [30.556538 0.0 97.59265 1.0] 22.408186 [1.0 2.0 1.0] 0.0
O rockWall [71.921234 0.0 -49.891636 1.0] 29.033186 [1.0 2.0 1.0] 0.0
O rockWall [51.011272 5.11003 54.05218 1.0] 28.470686 [1.0 2.0 1.0] 0.0
O rockWall [57.87677 6.3744316 52.686543 1.0] 28.470686 [1.0 2.0 1.0] 0.0
O rockWall [55.9152 6.0716176 53.076725 1.0] 28.470686 [1.0 2.0 1.0] 0.0
O rockWall [61.79991 6.5263205 51.906178 1.0] 28.470686 [1.0 2.0 1.0] 0.0
O rockWall [68.66538 4.651942 50.54054 1.0] 28.470686 [1.0 2.0 1.0] 0.0
O rockWall [65.72304 5.808153 51.125813 1.0] 28.470686 [1.0 2.0 1.0] 0.0
O rockWall [75.53085 0.42129785 49.1749 1.0] 28.470686 [1.0 2.0 1.0] 0.0
O rockWall [71.60773 3.0417612 49.955265 1.0] 28.470686 [1.0 2.0 1.0] 0.0
O rockWall [82.396324 0.0 47.80926 1.0] 28.470686 [1.0 2.0 1.0] 0.0
O rockWall [87.30023 0.0 46.833805 1.0] 28.470686 [1.0 2.0 1.0] 0.0
O rockWall [93.18492 0.0 45.663258 1.0] 28.470686 [1.0 2.0 1.0] 0.0
O rockWall [77.49242 0.0 48.784718 1.0] 28.470686 [1.0 2.0 1.0] 0.0
O rockWall [46.10734 4.315145 55.027637 1.0] 28.470686 [1.0 2.0 1.0] 0.0
O rockWall [38.26106 3.1738281 56.588367 1.0] 28.470686 [1.0 2.0 1.0] 0.0
O rockWall [32.376347 2.761189 57.758915 1.0] 28.470686 [1.0 2.0 1.0] 0.0
O rockWall [24.530062 3.5355868 59.319645 1.0] 28.470686 [1.0 2.0 1.0] 0.0
O rockWall [42.1842 3.7469432 55.808002 1.0] 28.470686 [1.0 2.0 1.0] 0.0
